lat1: 42.851358
lat2: 42.851383
lat3: 42.852443
lat4: 42.852021
lat5: 42.851525
lat6: 42.851344
lat7: 42.850836
lat8: 42.849644
lon1: -83.069485
lon2: -83.069007
lon3: -83.068013
lon4: -83.066888
lon5: -83.067044
lon6: -83.066344
lon7: -83.066440
lon8: -83.066060